echo
echo
ls
ls
ls
77777777777777777777777777777777777777777
77777777777777777777777777777777777777777
77777777777777777777777777777777777777777
77777777777777777777777777777777777777777
77777777777777777777777777777777777777777
77777777777777777777777777777777777777777
77777777777777777777777777777777777777777
77777777777777777777777777777777777777777
77777777777777777777777777777777777777777
77777777777777777777777777777777777777777
77777777777777777777777777777777777777777
77777777777777777777777777777777777777777
77777777777777777777777777777777777777777
77777777777777777777777777777777777777777
77777777777777777777777777777777777777777
